"dptvar";"shrinkage";"tree.complexity";"bag.fraction";"stepsize";"optimal.trees";"min.RMSE";"dev.tot";"dev.res";"dev.exp";"nbrobs";"p.dev.exp"
"TSS";0.03;1;0.7;10;221;0.933961004269461;1.3536097165265;0.872292605046374;0.481317111480127;326;35.6
"aCDOM400";0.03;1;0.7;10;245;0.378724710321782;0.171241716976082;0.143441781853024;0.027799935123058;395;16.2
"TSS";0.03;2;0.7;10;147;0.925245221711783;1.3536097165265;0.856095529180152;0.497514187346349;326;36.8
"aCDOM400";0.03;2;0.7;10;155;0.375143100238903;0.171241716976082;0.140742001006506;0.0304997159695759;395;17.8
"TSS";0.03;3;0.7;10;137;0.924858838521197;1.3536097165265;0.855392623128281;0.49821709339822;326;36.8
"aCDOM400";0.03;3;0.7;10;125;0.373673510678423;0.171241716976082;0.139639573545577;0.0316021434305045;395;18.5
"TSS";0.03;4;0.7;10;123;0.925299411879122;1.3536097165265;0.856208619088556;0.497401097437945;326;36.7
"aCDOM400";0.03;4;0.7;10;103;0.373234313271935;0.171241716976082;0.139312672613267;0.0319290443628147;395;18.6
"TSS";0.03;5;0.7;10;107;0.922233363019861;1.3536097165265;0.850536755294066;0.503072961232435;326;37.2
"aCDOM400";0.03;5;0.7;10;91;0.373236869131411;0.171241716976082;0.13931251930127;0.0319291976748115;395;18.6
"TSS";0.03;1;0.8;10;227;0.934170602031276;1.3536097165265;0.872681776242027;0.480927940284473;326;35.5
"aCDOM400";0.03;1;0.8;10;265;0.378005537841998;0.171241716976082;0.142898472428539;0.0283432445475425;395;16.6
"TSS";0.03;2;0.8;10;145;0.92540727010353;1.3536097165265;0.856394690000107;0.497215026526394;326;36.7
"aCDOM400";0.03;2;0.8;10;193;0.374748918101827;0.171241716976082;0.140448392545021;0.03079332443106;395;18
"TSS";0.03;3;0.8;10;133;0.926494623050469;1.3536097165265;0.858426842828647;0.495182873697854;326;36.6
"aCDOM400";0.03;3;0.8;10;117;0.372784822535235;0.171241716976082;0.138975044957866;0.0322666720182155;395;18.8
"TSS";0.03;4;0.8;10;123;0.927113722700015;1.3536097165265;0.859583712287532;0.494026004238968;326;36.5
"aCDOM400";0.03;4;0.8;10;97;0.372597799157593;0.171241716976082;0.138834636927085;0.0324070800489968;395;18.9
"TSS";0.03;5;0.8;10;117;0.928844402572262;1.3536097165265;0.862819162152106;0.490790554374395;326;36.3
"aCDOM400";0.03;5;0.8;10;89;0.372229235889598;0.171241716976082;0.138559669917261;0.0326820470588206;395;19.1
"TSS";0.03;1;0.9;10;235;0.933415066004523;1.3536097165265;0.871278324253718;0.482331392272783;326;35.6
"aCDOM400";0.03;1;0.9;10;297;0.377840321334939;0.171241716976082;0.142775056692663;0.0284666602834181;395;16.6
"TSS";0.03;2;0.9;10;147;0.926225108462491;1.3536097165265;0.857898746543753;0.495710969982747;326;36.6
"aCDOM400";0.03;2;0.9;10;187;0.374204956550592;0.171241716976082;0.140037864274789;0.0312038527012928;395;18.2
"TSS";0.03;3;0.9;10;133;0.929208385798212;1.3536097165265;0.863456418239788;0.490153298286713;326;36.2
"aCDOM400";0.03;3;0.9;10;131;0.372414496378811;0.171241716976082;0.138697632882017;0.0325440840940643;395;19
"TSS";0.03;4;0.9;10;117;0.930085052035376;1.3536097165265;0.865103125149917;0.488506591376583;326;36.1
"aCDOM400";0.03;4;0.9;10;103;0.372370637547027;0.171241716976082;0.138665603775164;0.0325761132009174;395;19
"TSS";0.03;5;0.9;10;129;0.926960161861282;1.3536097165265;0.859302453577987;0.494307262948513;326;36.5
"aCDOM400";0.03;5;0.9;10;95;0.372842957366224;0.171241716976082;0.139017524565428;0.032224192410654;395;18.8
"TSS";0.03;1;1;10;311;0.929947004352157;1.3536097165265;0.864826103821685;0.488783612704816;326;36.1
"aCDOM400";0.03;1;1;10;377;0.377859588695633;0.171241716976082;0.142789415964733;0.0284523010113488;395;16.6
"TSS";0.03;2;1;10;177;0.924302208126025;1.3536097165265;0.854368506130394;0.499241210396107;326;36.9
"aCDOM400";0.03;2;1;10;193;0.375266535354269;0.171241716976082;0.140834019596622;0.0304076973794596;395;17.8
"TSS";0.03;3;1;10;139;0.928026496288217;1.3536097165265;0.861254316136405;0.492355400390095;326;36.4
"aCDOM400";0.03;3;1;10;159;0.37283882475843;0.171241716976082;0.139012646185139;0.0322290707909429;395;18.8
"TSS";0.03;4;1;10;153;0.927805576785827;1.3536097165265;0.860856010656886;0.492753705869615;326;36.4
"aCDOM400";0.03;4;1;10;119;0.373286770486169;0.171241716976082;0.139347666783899;0.0318940501921828;395;18.6
"TSS";0.03;5;1;10;139;0.928092525114214;1.3536097165265;0.86137193195283;0.492237784573671;326;36.4
"aCDOM400";0.03;5;1;10;103;0.373589400488891;0.171241716976082;0.139572819929812;0.0316688970462697;395;18.5
"TSS";0.03;1;0.7;20;181;0.934688972372705;1.3536097165265;0.873647865434887;0.479961851091613;326;35.5
"aCDOM400";0.03;1;0.7;20;277;0.378523039643896;0.171241716976082;0.143285704711741;0.0279560122643407;395;16.3
"TSS";0.03;2;0.7;20;201;0.928242212928673;1.3536097165265;0.861669490476244;0.491940226050256;326;36.3
"aCDOM400";0.03;2;0.7;20;153;0.37472531984121;0.171241716976082;0.140425187406354;0.0308165295697276;395;18
"TSS";0.03;3;0.7;20;149;0.928904446746333;1.3536097165265;0.862897314622451;0.49071240190405;326;36.3
"aCDOM400";0.03;3;0.7;20;113;0.373409689710846;0.171241716976082;0.139438829739148;0.0318028872369331;395;18.6
"TSS";0.03;4;0.7;20;141;0.926781850780934;1.3536097165265;0.858962880297513;0.494646836228988;326;36.5
"aCDOM400";0.03;4;0.7;20;105;0.372944551354053;0.171241716976082;0.139091269762723;0.0321504472133585;395;18.8
"TSS";0.03;5;0.7;20;121;0.92613227934985;1.3536097165265;0.857771387068034;0.495838329458466;326;36.6
"aCDOM400";0.03;5;0.7;20;85;0.372662930383182;0.171241716976082;0.138881782853176;0.0323599341229058;395;18.9
"TSS";0.03;1;0.8;20;193;0.933515237449639;1.3536097165265;0.871457485448193;0.482152231078308;326;35.6
"aCDOM400";0.03;1;0.8;20;289;0.378362058097139;0.171241716976082;0.143167075510177;0.028074641465904;395;16.4
"TSS";0.03;2;0.8;20;141;0.925943529438187;1.3536097165265;0.857393461494506;0.496216255031994;326;36.7
"aCDOM400";0.03;2;0.8;20;181;0.37469878301075;0.171241716976082;0.14040682422243;0.0308348927536512;395;18
"TSS";0.03;3;0.8;20;129;0.927193038852597;1.3536097165265;0.859715019010677;0.493894697515823;326;36.5
"aCDOM400";0.03;3;0.8;20;129;0.373486018834425;0.171241716976082;0.139493718487879;0.0317479984882027;395;18.5
"TSS";0.03;4;0.8;20;121;0.92835290907687;1.3536097165265;0.861870268294376;0.491739448232125;326;36.3
"aCDOM400";0.03;4;0.8;20;97;0.37212102273576;0.171241716976082;0.138477879063383;0.032763837912698;395;19.1
"TSS";0.03;5;0.8;20;129;0.926894410810338;1.3536097165265;0.85919157393312;0.494418142593381;326;36.5
"aCDOM400";0.03;5;0.8;20;85;0.372251791877294;0.171241716976082;0.138577634402309;0.0326640825737724;395;19.1
"TSS";0.03;1;0.9;20;217;0.933581940936332;1.3536097165265;0.87159816046007;0.482011556066431;326;35.6
"aCDOM400";0.03;1;0.9;20;309;0.377763990092541;0.171241716976082;0.142715955111871;0.0285257618642107;395;16.7
"TSS";0.03;2;0.9;20;161;0.925634434722191;1.3536097165265;0.856817014303919;0.496792702222582;326;36.7
"aCDOM400";0.03;2;0.9;20;181;0.374228181256708;0.171241716976082;0.140053656915886;0.0311880600601953;395;18.2
"TSS";0.03;3;0.9;20;129;0.928637070405008;1.3536097165265;0.862390627453278;0.491219089073222;326;36.3
"aCDOM400";0.03;3;0.9;20;133;0.372933862361525;0.171241716976082;0.139083026891322;0.0321586900847597;395;18.8
"TSS";0.03;4;0.9;20;133;0.929250947771755;1.3536097165265;0.863531488732342;0.490078227794159;326;36.2
"aCDOM400";0.03;4;0.9;20;125;0.372409442506889;0.171241716976082;0.138692838025935;0.0325488789501467;395;19
"TSS";0.03;5;0.9;20;117;0.927059644864352;1.3536097165265;0.85947529653046;0.49413441999604;326;36.5
"aCDOM400";0.03;5;0.9;20;97;0.372947387507817;0.171241716976082;0.139095574400434;0.0321461425756475;395;18.8
"TSS";0.03;1;1;20;301;0.93005505944729;1.3536097165265;0.865026587106186;0.488583129420315;326;36.1
"aCDOM400";0.03;1;1;20;377;0.377875003433854;0.171241716976082;0.14280111539639;0.0284406015796913;395;16.6
"TSS";0.03;2;1;20;169;0.924602113047107;1.3536097165265;0.8549225855963;0.498687130930201;326;36.8
"aCDOM400";0.03;2;1;20;185;0.375292466911512;0.171241716976082;0.140853470666675;0.0303882463094062;395;17.7
"TSS";0.03;3;1;20;137;0.928250709621254;1.3536097165265;0.861670091750161;0.491939624776339;326;36.3
"aCDOM400";0.03;3;1;20;157;0.37290069751041;0.171241716976082;0.139058996996487;0.032182719979594;395;18.8
"TSS";0.03;4;1;20;157;0.927857857529145;1.3536097165265;0.860953540708811;0.49265617581769;326;36.4
"aCDOM400";0.03;4;1;20;121;0.373307338472484;0.171241716976082;0.139362944673586;0.031878772302495;395;18.6
"TSS";0.03;5;1;20;149;0.9282956041069;1.3536097165265;0.861750951032246;0.491858765494255;326;36.3
"aCDOM400";0.03;5;1;20;101;0.37371029321611;0.171241716976082;0.139663551806201;0.0315781651698805;395;18.4
"TSS";0.03;1;0.7;30;241;0.935605441792051;1.3536097165265;0.875370446116632;0.478239270409868;326;35.3
"aCDOM400";0.03;1;0.7;30;265;0.378594358570847;0.171241716976082;0.14334244296855;0.0278992740075311;395;16.3
"TSS";0.03;2;0.7;30;199;0.927045054301259;1.3536097165265;0.85944192230974;0.494167794216761;326;36.5
"aCDOM400";0.03;2;0.7;30;151;0.374710766875593;0.171241716976082;0.140415776993449;0.0308259399826321;395;18
"TSS";0.03;3;0.7;30;133;0.928921434509622;1.3536097165265;0.862920039554729;0.490689676971771;326;36.3
"aCDOM400";0.03;3;0.7;30;109;0.373429905448537;0.171241716976082;0.139457793702089;0.0317839232739921;395;18.6
"TSS";0.03;4;0.7;30;133;0.927036582735962;1.3536097165265;0.859417934521406;0.494191782005095;326;36.5
"aCDOM400";0.03;4;0.7;30;109;0.373239682993343;0.171241716976082;0.139310571967849;0.0319311450082327;395;18.6
"TSS";0.03;5;0.7;30;121;0.927687360209103;1.3536097165265;0.860630955773276;0.492978760753225;326;36.4
"aCDOM400";0.03;5;0.7;30;97;0.373638897319069;0.171241716976082;0.139608377934605;0.0316333390414765;395;18.5
"TSS";0.03;1;0.8;30;217;0.934847628962093;1.3536097165265;0.873954706761043;0.479655009765457;326;35.4
"aCDOM400";0.03;1;0.8;30;289;0.378508118973944;0.171241716976082;0.143278571820917;0.0279631451551643;395;16.3
"TSS";0.03;2;0.8;30;163;0.927568607760495;1.3536097165265;0.860406137267784;0.493203579258716;326;36.4
"aCDOM400";0.03;2;0.8;30;193;0.374825141913297;0.171241716976082;0.14050353200486;0.0307381849712214;395;18
"TSS";0.03;3;0.8;30;127;0.928773705704414;1.3536097165265;0.862642302456829;0.490967414069672;326;36.3
"aCDOM400";0.03;3;0.8;30;121;0.373493906771506;0.171241716976082;0.13950524762944;0.0317364693466411;395;18.5
"TSS";0.03;4;0.8;30;109;0.927839346920547;1.3536097165265;0.860896247356813;0.492713469169688;326;36.4
"aCDOM400";0.03;4;0.8;30;97;0.37331487362979;0.171241716976082;0.13937020267845;0.0318715142976317;395;18.6
"TSS";0.03;5;0.8;30;115;0.92727377476226;1.3536097165265;0.859861250349673;0.493748466176828;326;36.5
"aCDOM400";0.03;5;0.8;30;91;0.372740260185709;0.171241716976082;0.138940710898146;0.0323010060779355;395;18.9
"TSS";0.03;1;0.9;30;235;0.933589011565215;1.3536097165265;0.871606501385141;0.48200321514136;326;35.6
"aCDOM400";0.03;1;0.9;30;325;0.377682502588789;0.171241716976082;0.142654106857759;0.0285876101183225;395;16.7
"TSS";0.03;2;0.9;30;157;0.9260057641673;1.3536097165265;0.857513028140263;0.496096688386238;326;36.6
"aCDOM400";0.03;2;0.9;30;193;0.374188580625688;0.171241716976082;0.140024728700132;0.03121698827595;395;18.2
"TSS";0.03;3;0.9;30;139;0.926933172219567;1.3536097165265;0.859227725703998;0.494381990822502;326;36.5
"aCDOM400";0.03;3;0.9;30;133;0.372692219558532;0.171241716976082;0.138903716742889;0.0323380002331923;395;18.9
"TSS";0.03;4;0.9;30;139;0.927476392512906;1.3536097165265;0.860231341928511;0.493378374597989;326;36.4
"aCDOM400";0.03;4;0.9;30;109;0.372857909551012;0.171241716976082;0.139027060241825;0.0322146567342564;395;18.8
"TSS";0.03;5;0.9;30;121;0.928458513400603;1.3536097165265;0.862056528494527;0.491553188031973;326;36.3
"aCDOM400";0.03;5;0.9;30;97;0.373105671214713;0.171241716976082;0.139212417718969;0.0320292992571127;395;18.7
"TSS";0.03;1;1;30;307;0.930070447737939;1.3536097165265;0.865054933070696;0.488554783455805;326;36.1
"aCDOM400";0.03;1;1;30;379;0.37786895842357;0.171241716976082;0.14279647637526;0.0284452406008215;395;16.6
"TSS";0.03;2;1;30;187;0.924714512127747;1.3536097165265;0.855127989808131;0.49848172671837;326;36.8
"aCDOM400";0.03;2;1;30;187;0.375350851990292;0.171241716976082;0.14089726276094;0.0303444542151416;395;17.7
"TSS";0.03;3;1;30;139;0.928495176323452;1.3536097165265;0.8621229464253;0.491486770101201;326;36.3
"aCDOM400";0.03;3;1;30;151;0.372910225028098;0.171241716976082;0.139065867050782;0.0321758499253;395;18.8
"TSS";0.03;4;1;30;157;0.928075155079217;1.3536097165265;0.861353794376517;0.492255922149984;326;36.4
"aCDOM400";0.03;4;1;30;115;0.373431933930187;0.171241716976082;0.139456035871582;0.0317856811044999;395;18.6
"TSS";0.03;5;1;30;139;0.928221394413269;1.3536097165265;0.861610951945411;0.49199876458109;326;36.3
"aCDOM400";0.03;5;1;30;97;0.37367929680914;0.171241716976082;0.139640163891715;0.0316015530843666;395;18.5
"TSS";0.03;1;0.7;40;185;0.934307841417586;1.3536097165265;0.872950543838687;0.480659172687814;326;35.5
"aCDOM400";0.03;1;0.7;40;265;0.378583917402507;0.171241716976082;0.143337478996287;0.0279042379797947;395;16.3
"TSS";0.03;2;0.7;40;153;0.926512583781639;1.3536097165265;0.858443021388118;0.495166695138383;326;36.6
"aCDOM400";0.03;2;0.7;40;161;0.375470452904762;0.171241716976082;0.140983060066751;0.0302586569093302;395;17.7
"TSS";0.03;3;0.7;40;161;0.925937498279968;1.3536097165265;0.857372328783124;0.496237387743377;326;36.7
"aCDOM400";0.03;3;0.7;40;131;0.37319997759641;0.171241716976082;0.139280453445333;0.0319612635307485;395;18.7
"TSS";0.03;4;0.7;40;151;0.924410464612572;1.3536097165265;0.85455273709978;0.499056979426721;326;36.9
"TSS";0.03;1;0.8;40;217;0.934707058757959;1.3536097165265;0.873693953094964;0.479915763431537;326;35.5
"aCDOM400";0.03;1;0.8;40;289;0.378064761724484;0.171241716976082;0.142942653962218;0.0282990630138638;395;16.5
"TSS";0.03;2;0.8;40;153;0.924727955556182;1.3536097165265;0.855142795024104;0.498466921502397;326;36.8
"aCDOM400";0.03;2;0.8;40;177;0.374866253266836;0.171241716976082;0.140532964728847;0.0307087522472341;395;17.9
"TSS";0.03;3;0.8;40;121;0.926884969444447;1.3536097165265;0.859133068507871;0.49447664801863;326;36.5
"aCDOM400";0.03;3;0.8;40;129;0.372738225411206;0.171241716976082;0.138942916954454;0.0322988000216274;395;18.9
"TSS";0.03;4;0.8;40;121;0.925517125574978;1.3536097165265;0.856622579308383;0.496987137218117;326;36.7
"aCDOM400";0.03;4;0.8;40;121;0.3737739486144;0.171241716976082;0.139713806245332;0.0315279107307498;395;18.4
"TSS";0.03;5;0.8;40;121;0.926423726308737;1.3536097165265;0.858311940865172;0.495297775661329;326;36.6
"TSS";0.03;1;0.9;40;225;0.933912040635085;1.3536097165265;0.872213170450986;0.481396546075515;326;35.6
"aCDOM400";0.03;1;0.9;40;313;0.377642861788965;0.171241716976082;0.142624645787972;0.0286170711881091;395;16.7
"TSS";0.03;2;0.9;40;153;0.925509751262244;1.3536097165265;0.856587140511831;0.497022576014669;326;36.7
"aCDOM400";0.03;2;0.9;40;177;0.374526864922481;0.171241716976082;0.140278301833057;0.0309634151430244;395;18.1
"TSS";0.03;3;0.9;40;129;0.928173178020908;1.3536097165265;0.861548653570094;0.492061062956407;326;36.4
"aCDOM400";0.03;3;0.9;40;121;0.37332280037693;0.171241716976082;0.139374148546149;0.0318675684299326;395;18.6
"TSS";0.03;4;0.9;40;129;0.928735078963108;1.3536097165265;0.862596744696848;0.491012971829653;326;36.3
"aCDOM400";0.03;4;0.9;40;121;0.372796650979303;0.171241716976082;0.138982199964019;0.0322595170120621;395;18.8
"TSS";0.03;5;0.9;40;121;0.929269497606659;1.3536097165265;0.863568587669001;0.4900411288575;326;36.2
"TSS";0.03;1;1;40;305;0.930096657872089;1.3536097165265;0.865103948990074;0.488505767536426;326;36.1
"aCDOM400";0.03;1;1;40;385;0.377922193538265;0.171241716976082;0.142836982413279;0.0284047345628025;395;16.6
"TSS";0.03;2;1;40;177;0.924689038214313;1.3536097165265;0.855084243026313;0.498525473500188;326;36.8
"aCDOM400";0.03;2;1;40;169;0.375321336774125;0.171241716976082;0.140874963462508;0.0303667535135734;395;17.7
"TSS";0.03;3;1;40;145;0.928850833287655;1.3536097165265;0.862782448332078;0.490827268194423;326;36.3
"aCDOM400";0.03;3;1;40;161;0.372910861675915;0.171241716976082;0.139066646144763;0.0321750708313187;395;18.8
"TSS";0.03;4;1;40;153;0.928007743755245;1.3536097165265;0.861233406241195;0.492376310285306;326;36.4
"aCDOM400";0.03;4;1;40;121;0.37312487587013;0.171241716976082;0.139227484810766;0.0320142321653152;395;18.7
